0
0
0
0
0
0
0
3
9
17
26
34
40
46
51
55
57
58
57
55
51
46
40
33
25
17
8
-2
-10
-19
-27
-36
-42
-48
-53
-56
-58
-59
-57
-55
-51
-47
-40
-34
-25
-17
-8
1
11
19
28
35
42
47
52
55
57
57
57
54
50
44
39
31
24
15
6
-4
-12
-22
-29
-38
-43
-50
-53
-57
-58
-59
-57
-55
-50
-46
-39
-32
-23
-15
-5
3
13
21
30
37
44
48
53
56
58
57
57
53
50
44
38
30
23
13
5
-6
-14
-24
-31
-39
-45
-51
-54
-57
-58
-59
-57
-54
-49
-45
-38
-31
-22
-14
-4
4
14
22
31
38
45
49
54
56
58
57
56
52
49
42
37
28
21
11
3
-7
-16
-25
-32
-40
-45
-51
-55
-58
-58
-58
-56
-53
-48
-43
-36
-29
-20
-12
-2
7
16
24
33
39
46
50
54
56
58
57
55
52
47
41
35
26
18
9
1
-9
-18
-26
-34
-41
-47
-52
-56
-58
-59
-58
-56
-52
-47
-41
-35
-27
-18
-10
-4
