0       
0       
0       
0       
0       
8       
139     
822     
2404    
4548    
6750    
8727    
10493   
11998   
13276   
14146   
14707   
14849   
14696   
14089   
13223   
11903   
10384   
8528    
6614    
4414    
2188    
-264    
-2513   
-4841   
-6910   
-8988   
-10677  
-12284  
-13340  
-14245  
-14636  
-14909  
-14552  
-14044  
-12960  
-11816  
-10147  
-8495   
-6370   
-4324   
-1840   
425     
2916    
4966    
7189    
8993    
10919   
12232   
13554   
14205   
14841   
14779   
14685   
13829   
13000   
11517   
10128   
8141    
6326    
3916    
1752    
-854    
-3014   
-5464   
-7362   
-9482   
-10940  
-12566  
-13476  
-14479  
-14708  
-15027  
-14483  
-13968  
-12668  
-11561  
-9776   
-8191   
-5873   
-3824   
-1233   
895     
3441    
5452    
7826    
9498    
11359   
12467   
13801   
14360   
15038   
14793   
14621   
13621   
12839   
11293   
9933    
7792    
5934    
3442    
1327    
-1327   
-3442   
-5934   
-7792   
-9933   
-11293  
-12838  
-13606  
-14557  
-14696  
-14974  
-14345  
-13800  
-12467  
-11359  
-9498   
-7826   
-5452   
-3441   
-895    
1233    
3824    
5873    
8191    
9776    
11561   
12668   
13968   
14483   
15027   
14708   
14479   
13476   
12566   
10940   
9482    
7362    
5464    
3014    
854     
-1752   
-3916   
-6326   
-8141   
-10128  
-11517  
-13000  
-13829  
-14685  
-14779  
-14841  
-14205  
-13554  
-12232  
-10919  
-8993   
-7189   
-4966   
-2916   
-425    
1840    
4324    
6370    
8495    
10147   
11816   
12960   
14044   
14552   
14909   
14636   
14245   
13340   
12284   
10677   
8988    
6910    
4841    
2513    
264     
-2188   
-4414   
-6614   
-8528   
-10384  
-11903  
-13223  
-14089  
-14696  
-14849  
-14707  
-14146  
-13276  
-11998  
-10493  
-8727   
-6750   
-4548   
-2404   
-822    
