0
0
0
0
0
0
-1
-2
0
2
2
5
2
7
3
8
3
9
2
9
1
9
-1
8
-3
7
-5
5
-8
4
-11
3
-13
2
-15
2
-16
2
-16
3
-16
5
-16
7
-15
9
-13
12
-11
14
-10
16
-9
18
-9
20
-9
21
-9
20
-10
20
-12
19
-13
17
-16
16
-19
14
-21
13
-23
12
-24
11
-25
11
-25
12
-25
13
-24
15
-22
17
-20
19
-18
21
-17
24
-16
25
-15
26
-14
26
-15
26
-15
25
-16
23
-18
21
-20
19
-22
17
-24
15
-26
14
-27
14
-27
13
-27
14
-26
15
-25
16
-22
17
-20
19
-18
21
-16
23
-14
24
-13
24
-12
24
-12
23
-13
22
-14
20
-15
18
-17
15
-18
12
-20
11
-21
9
-21
8
-22
8
-21
8
-19
8
-17
9
-15
10
-13
12
-10
14
-8
15
-6
15
-4
15
-3
15
-3
14
-3
12
-4
10
-5
7
-6
4
-8
2
-9
0
-10
-2
-10
-3
-10
-4
-9
-4
-8
-3
-6
-3
-3
-1
1
