0
0
0
0
0
0
0
1
4
8
13
17
20
23
25
27
28
28
28
27
25
23
20
16
12
8
4
-1
-5
-10
-14
-18
-21
-24
-27
-28
-29
-29
-29
-28
-26
-23
-20
-17
-13
-9
-4
0
5
9
13
17
21
23
26
27
28
28
28
27
25
22
19
16
12
7
3
-2
-7
-11
-15
-19
-22
-25
-27
-28
-29
-30
-29
-27
-25
-23
-20
-16
-12
-8
-3
1
6
10
15
18
21
24
26
28
29
29
28
26
24
22
19
15
11
6
2
-3
-7
-12
-16
-20
-23
-25
-27
-29
-29
-29
-29
-27
-25
-22
-19
-15
-11
-7
-2
2
7
11
15
19
22
24
26
28
29
28
27
26
24
21
18
14
10
6
1
-4
-8
-13
-17
-20
-23
-26
-28
-29
-29
-29
-28
-27
-24
-22
-18
-14
-10
-6
-1
3
8
12
16
19
22
25
27
28
28
28
27
26
23
20
17
13
9
4
0
-5
-9
-13
-17
-21
-24
-26
-28
-29
-29
-29
-28
-26
-24
-21
-17
-14
-9
-5
-2
