0
8
19
25
37
38
51
48
61
52
65
51
63
44
56
31
44
15
29
-3
11
-23
-5
-42
-20
-58
-32
-70
-38
-76
-40
-77
-35
-72
-25
-62
-11
-48
6
-31
26
-13
45
2
62
16
76
25
85
29
88
28
85
20
77
8
64
-7
48
-26
30
-46
13
-64
-2
-79
-13
-90
-20
-95
-22
-95
-17
-88
-7
-77
6
-62
24
-44
43
-26
61
-9
78
4
90
13
98
18
100
16
95
9
86
-2
72
-18
55
-36
36
-55
18
-72
2
-86
-9
-95
-16
-99
-18
-98
-13
-90
-4
-78
9
-61
26
-43
44
-24
62
-6
77
7
88
17
95
22
95
20
90
13
79
2
64
-13
46
-30
26
-48
7
-64
-8
-77
-20
-85
-28
-88
-29
-85
-25
-76
-16
-62
-2
-45
13
-26
31
-6
48
11
62
25
72
35
77
40
76
38
70
32
58
20
42
5
23
-11
3
-29
-15
-44
-31
-56
-44
-63
-51
-65
-52
-61
-48
-51
-38
-37
-25
-19
-8
0
0
0
0
0
0
0
0
